   0.0005482688559722301
     0.03075712396758656
     0.02777777777777785
     0.02777777777777785
     -0.1111111111111114
     0.02777777777777779
     0.02777777777777779
      0.2401231786050129
   0.0005482688559722301
     0.03075712396758656
     0.02777777777777785
     -0.1111111111111114
     0.02777777777777779
      0.2401231786050129
   0.0005482688559722301
     0.03075712396758656
     -0.1111111111111114
      0.2401231786050129
     -0.2952380952380933
      0.2401231786050134
     -0.1111111111111112
     0.03075712396758656
   0.0005482688559722204
      0.2401231786050134
     0.02777777777777779
     -0.1111111111111112
     0.02777777777777773
     0.03075712396758656
   0.0005482688559722204
      0.2401231786050134
     0.02777777777777779
     0.02777777777777779
     -0.1111111111111112
     0.02777777777777773
     0.02777777777777773
     0.03075712396758656
   0.0005482688559722204
