   8.589649899633364e-10
   5.975419597920494e-07
    5.64214640518906e-05
   9.137814266203848e-05
   9.137814266203848e-05
   9.137814266203848e-05
   9.137814266203848e-05
  -0.0007310251412963071
   9.137814266203827e-05
   9.137814266203827e-05
   9.137814266203827e-05
   9.137814266203827e-05
    0.001567357503549957
     0.01736577449213772
      0.0051261873279311
      0.0051261873279311
      0.0051261873279311
      0.0051261873279311
     -0.0410094986234488
    0.005126187327931088
    0.005126187327931088
    0.005126187327931088
    0.005126187327931088
   9.137814266203848e-05
      0.0051261873279311
    0.004629629629629648
    0.004629629629629648
    0.004629629629629648
    -0.05555555555555573
    0.004629629629629637
    0.004629629629629637
    0.004629629629629637
     0.04002052976750221
   9.137814266203848e-05
      0.0051261873279311
    0.004629629629629648
    0.004629629629629648
    -0.05555555555555573
    0.004629629629629637
    0.004629629629629637
     0.04002052976750221
   9.137814266203848e-05
      0.0051261873279311
    0.004629629629629648
    -0.05555555555555573
    0.004629629629629637
     0.04002052976750221
   9.137814266203848e-05
      0.0051261873279311
    -0.05555555555555573
     0.04002052976750221
    -0.02857142857142819
     0.04002052976750228
    -0.05555555555555561
      0.0051261873279311
   9.137814266203685e-05
     0.04002052976750228
    0.004629629629629637
    -0.05555555555555561
    0.004629629629629628
      0.0051261873279311
   9.137814266203685e-05
     0.04002052976750228
    0.004629629629629637
    0.004629629629629637
    -0.05555555555555561
    0.004629629629629628
    0.004629629629629628
      0.0051261873279311
   9.137814266203685e-05
     0.04002052976750228
    0.004629629629629637
    0.004629629629629637
    0.004629629629629637
    -0.05555555555555561
    0.004629629629629628
    0.004629629629629628
    0.004629629629629628
      0.0051261873279311
   9.137814266203685e-05
     0.08941779539984462
     0.04002052976750221
     0.04002052976750221
     0.04002052976750221
     0.04002052976750221
     -0.3201642381400175
     0.04002052976750212
     0.04002052976750212
     0.04002052976750212
     0.04002052976750212
      0.2324622936097322
   8.589649899633364e-10
   5.975419597920494e-07
    5.64214640518906e-05
   9.137814266203848e-05
   9.137814266203848e-05
   9.137814266203848e-05
  -0.0007310251412963071
   9.137814266203827e-05
   9.137814266203827e-05
   9.137814266203827e-05
    0.001567357503549957
     0.01736577449213772
      0.0051261873279311
      0.0051261873279311
      0.0051261873279311
     -0.0410094986234488
    0.005126187327931088
    0.005126187327931088
    0.005126187327931088
   9.137814266203848e-05
      0.0051261873279311
    0.004629629629629648
    0.004629629629629648
    -0.05555555555555573
    0.004629629629629637
    0.004629629629629637
     0.04002052976750221
   9.137814266203848e-05
      0.0051261873279311
    0.004629629629629648
    -0.05555555555555573
    0.004629629629629637
     0.04002052976750221
   9.137814266203848e-05
      0.0051261873279311
    -0.05555555555555573
     0.04002052976750221
    -0.02857142857142819
     0.04002052976750228
    -0.05555555555555561
      0.0051261873279311
   9.137814266203685e-05
     0.04002052976750228
    0.004629629629629637
    -0.05555555555555561
    0.004629629629629628
      0.0051261873279311
   9.137814266203685e-05
     0.04002052976750228
    0.004629629629629637
    0.004629629629629637
    -0.05555555555555561
    0.004629629629629628
    0.004629629629629628
      0.0051261873279311
   9.137814266203685e-05
     0.08941779539984462
     0.04002052976750221
     0.04002052976750221
     0.04002052976750221
     -0.3201642381400175
     0.04002052976750212
     0.04002052976750212
     0.04002052976750212
      0.2324622936097322
   8.589649899633364e-10
   5.975419597920494e-07
    5.64214640518906e-05
   9.137814266203848e-05
   9.137814266203848e-05
  -0.0007310251412963071
   9.137814266203827e-05
   9.137814266203827e-05
    0.001567357503549957
     0.01736577449213772
      0.0051261873279311
      0.0051261873279311
     -0.0410094986234488
    0.005126187327931088
    0.005126187327931088
   9.137814266203848e-05
      0.0051261873279311
    0.004629629629629648
    -0.05555555555555573
    0.004629629629629637
     0.04002052976750221
   9.137814266203848e-05
      0.0051261873279311
    -0.05555555555555573
     0.04002052976750221
    -0.02857142857142819
     0.04002052976750228
    -0.05555555555555561
      0.0051261873279311
   9.137814266203685e-05
     0.04002052976750228
    0.004629629629629637
    -0.05555555555555561
    0.004629629629629628
      0.0051261873279311
   9.137814266203685e-05
     0.08941779539984462
     0.04002052976750221
     0.04002052976750221
     -0.3201642381400175
     0.04002052976750212
     0.04002052976750212
      0.2324622936097322
   8.589649899633364e-10
   5.975419597920494e-07
    5.64214640518906e-05
   9.137814266203848e-05
  -0.0007310251412963071
   9.137814266203827e-05
    0.001567357503549957
     0.01736577449213772
      0.0051261873279311
     -0.0410094986234488
    0.005126187327931088
   9.137814266203848e-05
      0.0051261873279311
    -0.05555555555555573
     0.04002052976750221
    -0.02857142857142819
     0.04002052976750228
    -0.05555555555555561
      0.0051261873279311
   9.137814266203685e-05
     0.08941779539984462
     0.04002052976750221
     -0.3201642381400175
     0.04002052976750212
      0.2324622936097322
   8.589649899633364e-10
   5.975419597920494e-07
    5.64214640518906e-05
  -0.0007310251412963071
    0.001567357503549957
     0.01736577449213772
     -0.0410094986234488
    -0.02857142857142819
     0.08941779539984462
     -0.3201642381400175
      0.2324622936097322
     -0.2711362711362189
      0.2324622936097338
     -0.3201642381400182
     0.08941779539984525
    -0.02857142857142847
     -0.0410094986234488
     0.01736577449213759
    0.001567357503549957
  -0.0007310251412962943
    5.64214640518906e-05
   5.975419597920623e-07
   8.589649899633364e-10
      0.2324622936097338
     0.04002052976750228
     -0.3201642381400182
     0.04002052976750219
     0.08941779539984525
   9.137814266203827e-05
    0.005126187327931088
    -0.05555555555555561
     0.04002052976750212
    -0.02857142857142847
     0.04002052976750219
    -0.05555555555555549
    0.005126187327931088
   9.137814266203665e-05
      0.0051261873279311
     -0.0410094986234488
    0.005126187327931088
     0.01736577449213759
    0.001567357503549957
   9.137814266203685e-05
  -0.0007310251412962943
   9.137814266203665e-05
    5.64214640518906e-05
   5.975419597920623e-07
   8.589649899633364e-10
      0.2324622936097338
     0.04002052976750228
     0.04002052976750228
     -0.3201642381400182
     0.04002052976750219
     0.04002052976750219
     0.08941779539984525
   9.137814266203827e-05
    0.005126187327931088
    0.004629629629629637
    -0.05555555555555561
    0.004629629629629628
     0.04002052976750212
   9.137814266203827e-05
    0.005126187327931088
    -0.05555555555555561
     0.04002052976750212
    -0.02857142857142847
     0.04002052976750219
    -0.05555555555555549
    0.005126187327931088
   9.137814266203665e-05
     0.04002052976750219
    0.004629629629629627
    -0.05555555555555549
    0.004629629629629617
    0.005126187327931088
   9.137814266203665e-05
      0.0051261873279311
      0.0051261873279311
     -0.0410094986234488
    0.005126187327931088
    0.005126187327931088
     0.01736577449213759
    0.001567357503549957
   9.137814266203685e-05
   9.137814266203685e-05
  -0.0007310251412962943
   9.137814266203665e-05
   9.137814266203665e-05
    5.64214640518906e-05
   5.975419597920623e-07
   8.589649899633364e-10
      0.2324622936097338
     0.04002052976750228
     0.04002052976750228
     0.04002052976750228
     -0.3201642381400182
     0.04002052976750219
     0.04002052976750219
     0.04002052976750219
     0.08941779539984525
   9.137814266203827e-05
    0.005126187327931088
    0.004629629629629637
    0.004629629629629637
    -0.05555555555555561
    0.004629629629629628
    0.004629629629629628
     0.04002052976750212
   9.137814266203827e-05
    0.005126187327931088
    0.004629629629629637
    -0.05555555555555561
    0.004629629629629628
     0.04002052976750212
   9.137814266203827e-05
    0.005126187327931088
    -0.05555555555555561
     0.04002052976750212
    -0.02857142857142847
     0.04002052976750219
    -0.05555555555555549
    0.005126187327931088
   9.137814266203665e-05
     0.04002052976750219
    0.004629629629629627
    -0.05555555555555549
    0.004629629629629617
    0.005126187327931088
   9.137814266203665e-05
     0.04002052976750219
    0.004629629629629627
    0.004629629629629627
    -0.05555555555555549
    0.004629629629629617
    0.004629629629629617
    0.005126187327931088
   9.137814266203665e-05
      0.0051261873279311
      0.0051261873279311
      0.0051261873279311
     -0.0410094986234488
    0.005126187327931088
    0.005126187327931088
    0.005126187327931088
     0.01736577449213759
    0.001567357503549957
   9.137814266203685e-05
   9.137814266203685e-05
   9.137814266203685e-05
  -0.0007310251412962943
   9.137814266203665e-05
   9.137814266203665e-05
   9.137814266203665e-05
    5.64214640518906e-05
   5.975419597920623e-07
   8.589649899633364e-10
      0.2324622936097338
     0.04002052976750228
     0.04002052976750228
     0.04002052976750228
     0.04002052976750228
     -0.3201642381400182
     0.04002052976750219
     0.04002052976750219
     0.04002052976750219
     0.04002052976750219
     0.08941779539984525
   9.137814266203827e-05
    0.005126187327931088
    0.004629629629629637
    0.004629629629629637
    0.004629629629629637
    -0.05555555555555561
    0.004629629629629628
    0.004629629629629628
    0.004629629629629628
     0.04002052976750212
   9.137814266203827e-05
    0.005126187327931088
    0.004629629629629637
    0.004629629629629637
    -0.05555555555555561
    0.004629629629629628
    0.004629629629629628
     0.04002052976750212
   9.137814266203827e-05
    0.005126187327931088
    0.004629629629629637
    -0.05555555555555561
    0.004629629629629628
     0.04002052976750212
   9.137814266203827e-05
    0.005126187327931088
    -0.05555555555555561
     0.04002052976750212
    -0.02857142857142847
     0.04002052976750219
    -0.05555555555555549
    0.005126187327931088
   9.137814266203665e-05
     0.04002052976750219
    0.004629629629629627
    -0.05555555555555549
    0.004629629629629617
    0.005126187327931088
   9.137814266203665e-05
     0.04002052976750219
    0.004629629629629627
    0.004629629629629627
    -0.05555555555555549
    0.004629629629629617
    0.004629629629629617
    0.005126187327931088
   9.137814266203665e-05
     0.04002052976750219
    0.004629629629629627
    0.004629629629629627
    0.004629629629629627
    -0.05555555555555549
    0.004629629629629617
    0.004629629629629617
    0.004629629629629617
    0.005126187327931088
   9.137814266203665e-05
      0.0051261873279311
      0.0051261873279311
      0.0051261873279311
      0.0051261873279311
     -0.0410094986234488
    0.005126187327931088
    0.005126187327931088
    0.005126187327931088
    0.005126187327931088
     0.01736577449213759
    0.001567357503549957
   9.137814266203685e-05
   9.137814266203685e-05
   9.137814266203685e-05
   9.137814266203685e-05
  -0.0007310251412962943
   9.137814266203665e-05
   9.137814266203665e-05
   9.137814266203665e-05
   9.137814266203665e-05
    5.64214640518906e-05
   5.975419597920623e-07
   8.589649899633364e-10
