   8.589649899633364e-10
   5.975419597920494e-07
    5.64214640518906e-05
   9.137814266203848e-05
   9.137814266203848e-05
  -0.0003655125706481539
   9.137814266203827e-05
   9.137814266203827e-05
    0.001567357503549957
     0.01736577449213772
      0.0051261873279311
      0.0051261873279311
    -0.02050474931172439
    0.005126187327931088
    0.005126187327931088
   9.137814266203848e-05
      0.0051261873279311
    0.004629629629629648
    -0.03703703703703715
    0.004629629629629637
     0.04002052976750221
   9.137814266203848e-05
      0.0051261873279311
    -0.03703703703703715
     0.04002052976750221
    -0.05132275132275116
     0.04002052976750228
    -0.03703703703703706
      0.0051261873279311
   9.137814266203685e-05
     0.04002052976750228
    0.004629629629629637
    -0.03703703703703706
    0.004629629629629628
      0.0051261873279311
   9.137814266203685e-05
     0.08941779539984462
     0.04002052976750221
     0.04002052976750221
     -0.1600821190700087
     0.04002052976750212
     0.04002052976750212
      0.2324622936097322
   8.589649899633364e-10
   5.975419597920494e-07
    5.64214640518906e-05
   9.137814266203848e-05
  -0.0003655125706481539
   9.137814266203827e-05
    0.001567357503549957
     0.01736577449213772
      0.0051261873279311
    -0.02050474931172439
    0.005126187327931088
   9.137814266203848e-05
      0.0051261873279311
    -0.03703703703703715
     0.04002052976750221
    -0.05132275132275116
     0.04002052976750228
    -0.03703703703703706
      0.0051261873279311
   9.137814266203685e-05
     0.08941779539984462
     0.04002052976750221
     -0.1600821190700087
     0.04002052976750212
      0.2324622936097322
   8.589649899633364e-10
   5.975419597920494e-07
    5.64214640518906e-05
  -0.0003655125706481539
    0.001567357503549957
     0.01736577449213772
    -0.02050474931172439
    -0.05132275132275116
     0.08941779539984462
     -0.1600821190700087
      0.2324622936097322
     -0.3298775298775276
      0.2324622936097338
     -0.1600821190700091
     0.08941779539984525
    -0.05132275132275088
    -0.02050474931172439
     0.01736577449213759
    0.001567357503549957
  -0.0003655125706481474
    5.64214640518906e-05
   5.975419597920623e-07
   8.589649899633364e-10
      0.2324622936097338
     0.04002052976750228
     -0.1600821190700091
     0.04002052976750219
     0.08941779539984525
   9.137814266203827e-05
    0.005126187327931088
    -0.03703703703703706
     0.04002052976750212
    -0.05132275132275088
     0.04002052976750219
    -0.03703703703703697
    0.005126187327931088
   9.137814266203665e-05
      0.0051261873279311
    -0.02050474931172439
    0.005126187327931088
     0.01736577449213759
    0.001567357503549957
   9.137814266203685e-05
  -0.0003655125706481474
   9.137814266203665e-05
    5.64214640518906e-05
   5.975419597920623e-07
   8.589649899633364e-10
      0.2324622936097338
     0.04002052976750228
     0.04002052976750228
     -0.1600821190700091
     0.04002052976750219
     0.04002052976750219
     0.08941779539984525
   9.137814266203827e-05
    0.005126187327931088
    0.004629629629629637
    -0.03703703703703706
    0.004629629629629628
     0.04002052976750212
   9.137814266203827e-05
    0.005126187327931088
    -0.03703703703703706
     0.04002052976750212
    -0.05132275132275088
     0.04002052976750219
    -0.03703703703703697
    0.005126187327931088
   9.137814266203665e-05
     0.04002052976750219
    0.004629629629629627
    -0.03703703703703697
    0.004629629629629617
    0.005126187327931088
   9.137814266203665e-05
      0.0051261873279311
      0.0051261873279311
    -0.02050474931172439
    0.005126187327931088
    0.005126187327931088
     0.01736577449213759
    0.001567357503549957
   9.137814266203685e-05
   9.137814266203685e-05
  -0.0003655125706481474
   9.137814266203665e-05
   9.137814266203665e-05
    5.64214640518906e-05
   5.975419597920623e-07
   8.589649899633364e-10
