   0.0005482688559722301
     0.03075712396758656
     0.02777777777777785
    -0.05555555555555566
     0.02777777777777779
      0.2401231786050129
   0.0005482688559722301
     0.03075712396758656
    -0.05555555555555566
      0.2401231786050129
     0.02539682539682708
      0.2401231786050134
    -0.05555555555555555
     0.03075712396758656
   0.0005482688559722204
      0.2401231786050134
     0.02777777777777779
    -0.05555555555555555
     0.02777777777777773
     0.03075712396758656
   0.0005482688559722204
