   8.589649899633364e-10
   5.975419597920494e-07
    5.64214640518906e-05
   9.137814266203848e-05
  -0.0001827562853240769
   9.137814266203827e-05
    0.001567357503549957
     0.01736577449213772
      0.0051261873279311
    -0.01025237465586219
    0.005126187327931088
   9.137814266203848e-05
      0.0051261873279311
    -0.02777777777777785
     0.04002052976750221
    -0.03492063492063485
     0.04002052976750228
    -0.02777777777777779
      0.0051261873279311
   9.137814266203685e-05
     0.08941779539984462
     0.04002052976750221
    -0.08004105953500437
     0.04002052976750212
      0.2324622936097322
   8.589649899633364e-10
   5.975419597920494e-07
    5.64214640518906e-05
  -0.0001827562853240769
    0.001567357503549957
     0.01736577449213772
    -0.01025237465586219
    -0.03492063492063485
     0.08941779539984462
    -0.08004105953500437
      0.2324622936097322
     -0.1126873126873129
      0.2324622936097338
    -0.08004105953500451
     0.08941779539984525
    -0.03492063492063471
    -0.01025237465586219
     0.01736577449213759
    0.001567357503549957
  -0.0001827562853240737
    5.64214640518906e-05
   5.975419597920623e-07
   8.589649899633364e-10
      0.2324622936097338
     0.04002052976750228
    -0.08004105953500451
     0.04002052976750219
     0.08941779539984525
   9.137814266203827e-05
    0.005126187327931088
    -0.02777777777777779
     0.04002052976750212
    -0.03492063492063471
     0.04002052976750219
    -0.02777777777777773
    0.005126187327931088
   9.137814266203665e-05
      0.0051261873279311
    -0.01025237465586219
    0.005126187327931088
     0.01736577449213759
    0.001567357503549957
   9.137814266203685e-05
  -0.0001827562853240737
   9.137814266203665e-05
    5.64214640518906e-05
   5.975419597920623e-07
   8.589649899633364e-10
