   0.0005482688559722301
     0.03075712396758656
     0.02777777777777785
     0.02777777777777785
     0.02777777777777785
     0.02777777777777785
     0.02777777777777785
     0.02777777777777785
     0.02777777777777785
     0.02777777777777785
     0.02777777777777785
     -0.5000000000000019
     0.02777777777777779
     0.02777777777777779
     0.02777777777777779
     0.02777777777777779
     0.02777777777777779
     0.02777777777777779
     0.02777777777777779
     0.02777777777777779
     0.02777777777777779
      0.2401231786050129
   0.0005482688559722301
     0.03075712396758656
     0.02777777777777785
     0.02777777777777785
     0.02777777777777785
     0.02777777777777785
     0.02777777777777785
     0.02777777777777785
     0.02777777777777785
     0.02777777777777785
     -0.5000000000000019
     0.02777777777777779
     0.02777777777777779
     0.02777777777777779
     0.02777777777777779
     0.02777777777777779
     0.02777777777777779
     0.02777777777777779
     0.02777777777777779
      0.2401231786050129
   0.0005482688559722301
     0.03075712396758656
     0.02777777777777785
     0.02777777777777785
     0.02777777777777785
     0.02777777777777785
     0.02777777777777785
     0.02777777777777785
     0.02777777777777785
     -0.5000000000000019
     0.02777777777777779
     0.02777777777777779
     0.02777777777777779
     0.02777777777777779
     0.02777777777777779
     0.02777777777777779
     0.02777777777777779
      0.2401231786050129
   0.0005482688559722301
     0.03075712396758656
     0.02777777777777785
     0.02777777777777785
     0.02777777777777785
     0.02777777777777785
     0.02777777777777785
     0.02777777777777785
     -0.5000000000000019
     0.02777777777777779
     0.02777777777777779
     0.02777777777777779
     0.02777777777777779
     0.02777777777777779
     0.02777777777777779
      0.2401231786050129
   0.0005482688559722301
     0.03075712396758656
     0.02777777777777785
     0.02777777777777785
     0.02777777777777785
     0.02777777777777785
     0.02777777777777785
     -0.5000000000000019
     0.02777777777777779
     0.02777777777777779
     0.02777777777777779
     0.02777777777777779
     0.02777777777777779
      0.2401231786050129
   0.0005482688559722301
     0.03075712396758656
     0.02777777777777785
     0.02777777777777785
     0.02777777777777785
     0.02777777777777785
     -0.5000000000000019
     0.02777777777777779
     0.02777777777777779
     0.02777777777777779
     0.02777777777777779
      0.2401231786050129
   0.0005482688559722301
     0.03075712396758656
     0.02777777777777785
     0.02777777777777785
     0.02777777777777785
     -0.5000000000000019
     0.02777777777777779
     0.02777777777777779
     0.02777777777777779
      0.2401231786050129
   0.0005482688559722301
     0.03075712396758656
     0.02777777777777785
     0.02777777777777785
     -0.5000000000000019
     0.02777777777777779
     0.02777777777777779
      0.2401231786050129
   0.0005482688559722301
     0.03075712396758656
     0.02777777777777785
     -0.5000000000000019
     0.02777777777777779
      0.2401231786050129
   0.0005482688559722301
     0.03075712396758656
     -0.5000000000000019
      0.2401231786050129
       0.571428571428541
      0.2401231786050134
     -0.5000000000000002
     0.03075712396758656
   0.0005482688559722204
      0.2401231786050134
     0.02777777777777779
     -0.5000000000000002
     0.02777777777777773
     0.03075712396758656
   0.0005482688559722204
      0.2401231786050134
     0.02777777777777779
     0.02777777777777779
     -0.5000000000000002
     0.02777777777777773
     0.02777777777777773
     0.03075712396758656
   0.0005482688559722204
      0.2401231786050134
     0.02777777777777779
     0.02777777777777779
     0.02777777777777779
     -0.5000000000000002
     0.02777777777777773
     0.02777777777777773
     0.02777777777777773
     0.03075712396758656
   0.0005482688559722204
      0.2401231786050134
     0.02777777777777779
     0.02777777777777779
     0.02777777777777779
     0.02777777777777779
     -0.5000000000000002
     0.02777777777777773
     0.02777777777777773
     0.02777777777777773
     0.02777777777777773
     0.03075712396758656
   0.0005482688559722204
      0.2401231786050134
     0.02777777777777779
     0.02777777777777779
     0.02777777777777779
     0.02777777777777779
     0.02777777777777779
     -0.5000000000000002
     0.02777777777777773
     0.02777777777777773
     0.02777777777777773
     0.02777777777777773
     0.02777777777777773
     0.03075712396758656
   0.0005482688559722204
      0.2401231786050134
     0.02777777777777779
     0.02777777777777779
     0.02777777777777779
     0.02777777777777779
     0.02777777777777779
     0.02777777777777779
     -0.5000000000000002
     0.02777777777777773
     0.02777777777777773
     0.02777777777777773
     0.02777777777777773
     0.02777777777777773
     0.02777777777777773
     0.03075712396758656
   0.0005482688559722204
      0.2401231786050134
     0.02777777777777779
     0.02777777777777779
     0.02777777777777779
     0.02777777777777779
     0.02777777777777779
     0.02777777777777779
     0.02777777777777779
     -0.5000000000000002
     0.02777777777777773
     0.02777777777777773
     0.02777777777777773
     0.02777777777777773
     0.02777777777777773
     0.02777777777777773
     0.02777777777777773
     0.03075712396758656
   0.0005482688559722204
      0.2401231786050134
     0.02777777777777779
     0.02777777777777779
     0.02777777777777779
     0.02777777777777779
     0.02777777777777779
     0.02777777777777779
     0.02777777777777779
     0.02777777777777779
     -0.5000000000000002
     0.02777777777777773
     0.02777777777777773
     0.02777777777777773
     0.02777777777777773
     0.02777777777777773
     0.02777777777777773
     0.02777777777777773
     0.02777777777777773
     0.03075712396758656
   0.0005482688559722204
      0.2401231786050134
     0.02777777777777779
     0.02777777777777779
     0.02777777777777779
     0.02777777777777779
     0.02777777777777779
     0.02777777777777779
     0.02777777777777779
     0.02777777777777779
     0.02777777777777779
     -0.5000000000000002
     0.02777777777777773
     0.02777777777777773
     0.02777777777777773
     0.02777777777777773
     0.02777777777777773
     0.02777777777777773
     0.02777777777777773
     0.02777777777777773
     0.02777777777777773
     0.03075712396758656
   0.0005482688559722204
