   0.0005482688559722301
     0.03075712396758656
     0.02777777777777785
     0.02777777777777785
     0.02777777777777785
     0.02777777777777785
     -0.2222222222222228
     0.02777777777777779
     0.02777777777777779
     0.02777777777777779
     0.02777777777777779
      0.2401231786050129
   0.0005482688559722301
     0.03075712396758656
     0.02777777777777785
     0.02777777777777785
     0.02777777777777785
     -0.2222222222222228
     0.02777777777777779
     0.02777777777777779
     0.02777777777777779
      0.2401231786050129
   0.0005482688559722301
     0.03075712396758656
     0.02777777777777785
     0.02777777777777785
     -0.2222222222222228
     0.02777777777777779
     0.02777777777777779
      0.2401231786050129
   0.0005482688559722301
     0.03075712396758656
     0.02777777777777785
     -0.2222222222222228
     0.02777777777777779
      0.2401231786050129
   0.0005482688559722301
     0.03075712396758656
     -0.2222222222222228
      0.2401231786050129
     -0.6031746031745957
      0.2401231786050134
     -0.2222222222222223
     0.03075712396758656
   0.0005482688559722204
      0.2401231786050134
     0.02777777777777779
     -0.2222222222222223
     0.02777777777777773
     0.03075712396758656
   0.0005482688559722204
      0.2401231786050134
     0.02777777777777779
     0.02777777777777779
     -0.2222222222222223
     0.02777777777777773
     0.02777777777777773
     0.03075712396758656
   0.0005482688559722204
      0.2401231786050134
     0.02777777777777779
     0.02777777777777779
     0.02777777777777779
     -0.2222222222222223
     0.02777777777777773
     0.02777777777777773
     0.02777777777777773
     0.03075712396758656
   0.0005482688559722204
      0.2401231786050134
     0.02777777777777779
     0.02777777777777779
     0.02777777777777779
     0.02777777777777779
     -0.2222222222222223
     0.02777777777777773
     0.02777777777777773
     0.02777777777777773
     0.02777777777777773
     0.03075712396758656
   0.0005482688559722204
